1024
768
;
0 887 100
1 549 644
2 711 363
3 490 71
4 484 193
5 741 461
6 894 604
7 960 198
8 636 505
9 219 664
10 758 191
11 608 497
12 351 356
13 879 487
14 170 408
15 821 612
16 88 234
17 842 222
18 430 253
19 320 526
20 968 380
21 496 687
22 276 614
23 299 388
24 900 384
25 268 597
26 121 666
27 853 477
28 160 608
29 364 691
30 367 714
31 880 232
32 491 372
33 958 271
34 155 518
35 79 100
36 546 55
37 613 662
38 417 311
39 922 103
40 865 382
41 181 252
42 509 562
43 412 571
44 402 370
45 259 639
46 125 686
47 481 603
48 114 239
49 843 188
50 872 415
51 498 694
52 703 385
53 957 196
54 249 387
55 290 97
56 326 404
57 887 315
58 599 630
59 692 356
60 152 285
61 650 79
62 370 528
63 929 576
64 940 60
65 546 207
66 866 616
67 643 204
68 838 384
69 676 165
70 928 88
71 778 564
72 196 655
73 179 687
74 234 83
75 512 552
76 971 161
77 925 58
78 757 250
79 619 108
80 509 527
81 258 535
82 741 352
83 753 523
84 78 589
85 144 685
86 751 84
87 560 166
88 681 338
89 251 369
90 934 503
91 911 424
92 522 52
93 911 514
94 246 600
95 825 711
96 368 246
97 578 652
98 349 66
99 687 352
100 240 221
101 364 118
102 463 143
103 427 578
104 607 540
105 695 190
106 175 562
107 935 695
108 269 181
109 384 700
110 670 164
111 619 52
112 900 706
113 245 115
114 578 222
115 457 200
116 724 523
117 750 264
118 474 328
119 681 503
120 678 599
121 961 348
122 680 255
123 131 614
124 478 352
125 673 455
126 381 654
127 349 90
128 77 64
129 555 199
130 743 282
131 57 204
132 84 256
133 844 357
134 166 348
135 103 549
136 495 652
137 280 138
138 536 636
139 344 534
140 67 201
141 938 292
142 133 324
143 721 678
144 754 448
145 788 358
146 834 524
147 457 116
148 620 706
149 403 586
150 190 414
151 691 256
152 429 341
153 585 503
154 177 370
155 355 649
156 376 284
157 234 326
158 881 264
159 269 675
160 646 66
161 318 199
162 299 687
163 199 131
164 257 175
165 656 432
166 388 263
167 633 632
168 947 356
169 432 81
170 356 471
171 915 568
172 869 659
173 715 704
174 886 153
175 441 573
176 91 185
177 961 285
178 746 116
179 554 545
180 359 663
181 236 521
182 702 340
183 425 178
184 326 144
185 230 101
186 347 529
187 763 393
188 591 299
189 924 194
190 445 210
191 759 604
192 800 237
193 314 437
194 572 80
195 725 238
196 849 685
197 591 626
198 484 491
199 926 428
200 914 454
201 316 94
202 77 440
203 281 620
204 793 685
205 387 289
206 385 623
207 675 357
208 217 459
209 106 202
210 902 244
211 695 673
212 170 283
213 533 519
214 791 151
215 702 307
216 835 708
217 185 452
218 642 303
219 742 213
220 392 213
221 747 124
222 783 491
223 731 564
224 905 679
225 926 159
226 675 656
227 593 714
228 101 194
229 259 310
230 459 697
231 81 669
232 710 544
233 718 472
234 424 484
235 109 183
236 904 121
237 664 247
238 847 267
239 262 373
240 742 609
241 869 52
242 274 553
243 304 282
244 641 510
245 60 294
246 712 636
247 813 322
248 447 196
249 179 587
250 694 507
251 145 658
252 515 566
253 181 537
254 870 353
255 865 137
;
0 38 12
1 12 44
2 44 38
3 31 17
4 17 49
5 49 31
6 24 40
7 40 50
8 50 24
9 1 21
10 21 51
11 51 1
12 44 56
13 56 12
14 12 23
15 23 56
16 52 2
17 2 59
18 59 52
19 41 48
20 48 60
21 60 41
22 18 4
23 4 65
24 65 18
25 40 68
26 68 50
27 27 50
28 68 27
29 0 39
30 39 70
31 70 0
32 30 46
33 46 73
34 73 30
35 72 9
36 9 73
37 73 72
38 70 64
39 64 76
40 76 70
41 53 7
42 7 76
43 76 53
44 76 39
45 0 77
46 77 70
47 64 77
48 26 46
49 46 85
50 85 26
51 73 85
52 65 87
53 87 4
54 67 79
55 79 87
56 87 67
57 20 63
58 63 90
59 90 20
60 24 91
61 91 50
62 9 45
63 45 94
64 94 9
65 72 94
66 22 45
67 94 22
68 22 25
69 25 94
70 58 37
71 37 97
72 97 58
73 55 74
74 74 98
75 98 55
76 87 3
77 3 102
78 102 87
79 4 102
80 11 8
81 8 104
82 104 11
83 63 107
84 107 20
85 30 29
86 29 109
87 109 30
88 79 110
89 110 67
90 105 69
91 69 110
92 110 105
93 105 67
94 61 79
95 110 61
96 61 69
97 36 92
98 92 111
99 111 36
100 74 113
101 113 55
102 67 114
103 114 87
104 4 115
105 115 18
106 18 118
107 118 65
108 38 18
109 118 38
110 106 28
111 28 123
112 123 106
113 44 32
114 32 124
115 124 44
116 8 119
117 119 125
118 125 8
119 29 126
120 126 109
121 92 98
122 98 128
123 128 92
124 128 74
125 65 129
126 129 87
127 65 114
128 114 129
129 35 128
130 128 131
131 131 35
132 131 16
133 16 132
134 132 131
135 60 132
136 132 48
137 48 16
138 68 133
139 133 40
140 106 34
141 34 135
142 135 106
143 135 123
144 123 84
145 84 135
146 21 136
147 136 1
148 55 137
149 137 113
150 136 47
151 47 138
152 138 136
153 1 138
154 131 140
155 140 35
156 140 16
157 14 134
158 134 142
159 142 14
160 132 142
161 142 60
162 68 144
163 144 27
164 52 5
165 5 144
166 144 52
167 133 145
168 145 68
169 15 71
170 71 146
171 146 15
172 66 15
173 146 66
174 6 66
175 146 6
176 93 13
177 13 146
178 146 93
179 27 13
180 146 27
181 102 147
182 147 3
183 103 43
184 43 149
185 149 103
186 62 139
187 139 149
188 149 62
189 62 43
190 105 122
191 122 151
192 151 105
193 44 152
194 152 38
195 124 152
196 118 124
197 152 118
198 11 153
199 153 104
200 134 154
201 154 14
202 14 150
203 150 154
204 54 150
205 154 54
206 54 89
207 89 154
208 134 157
209 157 154
210 89 157
211 141 57
212 57 158
213 158 141
214 45 159
215 159 9
216 159 73
217 61 86
218 86 160
219 160 61
220 86 111
221 111 160
222 79 111
223 160 79
224 100 108
225 108 161
226 161 100
227 30 162
228 162 73
229 162 159
230 162 29
231 100 41
232 41 163
233 163 100
234 74 163
235 163 128
236 35 163
237 100 164
238 164 108
239 163 164
240 113 163
241 164 113
242 164 137
243 137 108
244 52 125
245 125 165
246 165 52
247 11 165
248 165 8
249 165 153
250 153 32
251 32 165
252 96 156
253 156 166
254 166 96
255 37 167
256 167 58
257 104 120
258 120 167
259 167 104
260 104 58
261 24 57
262 57 168
263 168 24
264 168 141
265 141 121
266 121 168
267 20 121
268 168 20
269 20 24
270 147 169
271 169 3
272 98 169
273 169 92
274 92 3
275 101 147
276 169 101
277 127 101
278 169 127
279 127 98
280 44 170
281 170 56
282 6 63
283 63 171
284 171 6
285 171 90
286 90 93
287 93 171
288 171 146
289 66 172
290 172 15
291 172 6
292 49 174
293 174 31
294 75 80
295 80 175
296 175 75
297 75 42
298 42 175
299 47 42
300 175 47
301 47 103
302 103 175
303 175 43
304 35 176
305 176 140
306 20 76
307 76 177
308 177 20
309 177 121
310 177 141
311 141 33
312 33 177
313 177 7
314 7 33
315 86 178
316 178 61
317 69 178
318 153 179
319 179 104
320 126 180
321 180 29
322 126 155
323 155 180
324 162 155
325 180 162
326 94 106
327 106 181
328 181 94
329 94 81
330 81 181
331 2 82
332 82 182
333 182 2
334 182 59
335 99 59
336 182 99
337 99 88
338 88 182
339 102 183
340 183 147
341 101 183
342 137 184
343 184 55
344 161 184
345 184 108
346 113 185
347 185 74
348 163 185
349 62 186
350 186 139
351 62 170
352 170 186
353 19 170
354 186 19
355 19 139
356 82 145
357 145 187
358 187 82
359 144 187
360 187 52
361 187 2
362 187 68
363 32 188
364 188 165
365 118 188
366 188 65
367 114 188
368 188 124
369 31 189
370 189 174
371 53 189
372 189 7
373 115 190
374 190 18
375 15 191
376 191 71
377 49 10
378 10 192
379 192 49
380 17 192
381 117 78
382 78 192
383 192 117
384 19 193
385 193 170
386 56 193
387 193 23
388 54 23
389 193 54
390 181 193
391 193 81
392 81 19
393 87 194
394 194 79
395 36 194
396 194 111
397 194 3
398 194 92
399 105 195
400 195 151
401 78 195
402 195 117
403 130 117
404 195 130
405 130 151
406 172 196
407 196 15
408 179 138
409 138 197
410 197 179
411 197 1
412 97 1
413 197 97
414 58 197
415 197 104
416 32 198
417 198 153
418 80 198
419 198 175
420 90 199
421 199 20
422 91 199
423 199 24
424 199 200
425 200 90
426 13 200
427 200 93
428 200 91
429 200 50
430 200 27
431 184 201
432 201 55
433 127 201
434 201 98
435 101 184
436 201 101
437 84 202
438 202 135
439 142 202
440 202 14
441 202 34
442 162 203
443 203 155
444 25 139
445 139 203
446 203 25
447 22 203
448 203 45
449 203 159
450 15 204
451 204 196
452 196 95
453 95 204
454 173 95
455 204 173
456 173 143
457 143 204
458 204 191
459 166 205
460 205 156
461 38 205
462 205 12
463 12 156
464 18 166
465 205 18
466 155 206
467 206 126
468 149 206
469 206 103
470 206 47
471 206 136
472 206 139
473 206 203
474 165 207
475 207 188
476 88 207
477 207 99
478 207 52
479 207 59
480 150 208
481 208 54
482 181 208
483 208 193
484 48 209
485 209 41
486 209 16
487 209 140
488 31 158
489 158 210
490 210 31
491 210 189
492 210 7
493 33 210
494 210 141
495 173 148
496 148 211
497 211 173
498 143 211
499 41 212
500 212 60
501 41 157
502 157 212
503 212 134
504 212 142
505 198 213
506 213 80
507 153 213
508 213 179
509 75 179
510 213 75
511 10 214
512 214 49
513 178 214
514 214 86
515 130 215
516 215 151
517 82 130
518 215 82
519 182 215
520 215 88
521 215 122
522 95 112
523 112 216
524 216 95
525 112 196
526 196 216
527 14 217
528 217 202
529 34 217
530 208 217
531 217 150
532 122 218
533 218 215
534 88 218
535 218 207
536 188 218
537 10 105
538 105 219
539 219 10
540 195 219
541 219 78
542 219 192
543 161 96
544 96 220
545 220 161
546 190 183
547 183 220
548 220 190
549 220 18
550 220 166
551 220 184
552 220 101
553 10 221
554 221 105
555 221 214
556 178 221
557 221 69
558 144 222
559 222 5
560 5 83
561 83 222
562 71 83
563 222 71
564 146 222
565 222 27
566 191 223
567 223 71
568 223 83
569 83 116
570 116 223
571 107 112
572 112 224
573 224 107
574 224 196
575 172 224
576 224 6
577 224 63
578 189 225
579 225 174
580 76 225
581 225 39
582 225 53
583 167 226
584 226 120
585 226 37
586 148 37
587 226 148
588 211 226
589 148 227
590 227 173
591 95 227
592 97 227
593 227 1
594 51 227
595 227 37
596 176 228
597 228 140
598 209 228
599 100 229
600 229 41
601 157 229
602 12 229
603 229 23
604 229 89
605 109 230
606 230 30
607 51 230
608 230 227
609 227 30
610 230 21
611 230 126
612 230 136
613 230 206
614 46 231
615 231 26
616 123 26
617 231 123
618 84 231
619 116 232
620 232 223
621 223 120
622 120 232
623 125 233
624 233 119
625 116 233
626 233 83
627 5 233
628 233 52
629 170 234
630 234 62
631 234 44
632 234 32
633 198 234
634 234 43
635 234 175
636 228 235
637 235 176
638 163 235
639 235 35
640 235 209
641 235 41
642 39 236
643 236 0
644 236 225
645 174 236
646 218 237
647 237 122
648 67 237
649 237 105
650 237 114
651 237 188
652 158 238
653 238 57
654 192 238
655 238 17
656 238 31
657 229 239
658 239 23
659 89 239
660 239 54
661 143 240
662 240 204
663 191 240
664 240 223
665 120 240
666 111 241
667 241 86
668 77 241
669 241 0
670 241 214
671 19 242
672 242 81
673 242 139
674 25 242
675 242 94
676 96 243
677 243 161
678 243 156
679 243 12
680 229 243
681 243 100
682 232 244
683 244 120
684 8 244
685 244 104
686 119 232
687 244 119
688 231 245
689 245 84
690 245 202
691 131 245
692 245 132
693 245 142
694 226 246
695 246 211
696 246 120
697 240 246
698 246 143
699 133 247
700 247 145
701 57 133
702 247 57
703 238 247
704 130 247
705 247 117
706 247 192
707 247 82
708 190 248
709 248 183
710 115 248
711 248 102
712 248 4
713 106 249
714 249 94
715 28 249
716 72 28
717 249 72
718 233 250
719 250 119
720 116 250
721 250 232
722 85 251
723 251 26
724 28 251
725 251 123
726 251 72
727 251 73
728 138 252
729 252 179
730 252 47
731 42 252
732 252 75
733 34 253
734 253 106
735 253 181
736 253 208
737 253 217
738 133 254
739 254 57
740 40 254
741 254 24
742 174 255
743 255 236
744 0 255
745 255 241
746 214 255
747 255 49
;
