1024
768
;
0 311 104
1 489 659
2 110 696
3 532 274
4 349 205
5 80 476
6 353 283
7 898 280
8 707 497
9 574 107
10 89 265
11 326 326
12 884 616
13 144 77
14 147 122
15 396 354
16 290 117
17 55 502
18 74 192
19 972 168
20 74 167
21 551 293
22 600 314
23 355 603
24 263 487
25 709 398
26 850 131
27 248 292
28 842 398
29 786 268
30 873 608
31 304 682
32 814 251
33 222 248
34 891 496
35 498 678
36 624 409
37 457 75
38 906 329
39 245 580
40 611 418
41 640 511
42 844 651
43 959 378
44 405 532
45 459 622
46 719 62
47 523 366
48 711 550
49 506 88
50 532 151
51 672 179
52 851 470
53 60 708
54 778 526
55 517 518
56 426 256
57 724 114
58 959 693
59 456 681
60 789 219
61 564 273
62 213 340
63 309 501
64 372 308
65 573 58
66 692 432
67 692 131
68 331 134
69 265 139
70 712 332
71 244 615
72 247 387
73 973 520
74 929 366
75 935 352
76 804 435
77 597 583
78 875 54
79 703 70
80 103 452
81 687 341
82 328 406
83 877 403
84 89 525
85 817 414
86 868 179
87 693 339
88 954 79
89 689 404
90 375 173
91 376 348
92 464 428
93 162 231
94 307 441
95 333 75
96 567 87
97 544 414
98 507 170
99 829 97
100 780 689
101 579 171
102 898 115
103 322 631
104 612 121
105 186 369
106 78 325
107 67 339
108 207 398
109 280 494
110 456 52
111 682 486
112 666 546
113 177 352
114 249 254
115 608 555
116 177 352
117 807 676
118 927 579
119 166 268
120 804 277
121 892 334
122 707 228
123 344 456
124 347 332
125 316 668
126 391 281
127 502 693
128 294 265
129 181 306
130 921 521
131 282 507
132 134 181
133 347 658
134 919 674
135 207 411
136 248 254
137 135 423
138 858 134
139 261 533
140 758 345
141 683 336
142 408 392
143 625 129
144 537 508
145 306 140
146 688 567
147 638 79
148 836 199
149 294 666
150 275 620
151 613 633
152 657 169
153 952 695
154 867 295
155 262 191
156 791 517
157 228 478
158 818 709
159 683 396
160 408 570
161 141 579
162 294 294
163 423 281
164 830 380
165 576 251
166 432 355
167 414 459
168 823 511
169 869 362
170 385 278
171 463 413
172 337 236
173 315 53
174 965 646
175 687 205
176 290 497
177 949 507
178 751 642
179 288 673
180 63 67
181 457 651
182 301 318
183 126 407
184 169 269
185 316 521
186 801 454
187 90 624
188 209 367
189 834 117
190 323 233
191 55 511
192 54 633
193 335 451
194 335 490
195 493 520
196 367 232
197 201 297
198 252 389
199 891 521
200 684 572
201 195 371
202 515 311
203 843 601
204 899 259
205 124 76
206 751 478
207 578 456
208 192 667
209 94 217
210 135 392
211 690 133
212 640 562
213 188 514
214 790 330
215 169 406
216 776 471
217 590 279
218 588 279
219 332 556
220 644 251
221 677 124
222 663 554
223 367 162
224 396 179
225 417 703
226 584 480
227 865 354
228 573 716
229 271 684
230 531 401
231 583 106
232 436 255
233 640 329
234 481 377
235 518 712
236 193 346
237 293 511
238 509 498
239 51 352
240 231 693
241 803 531
242 78 531
243 657 222
244 910 414
245 277 277
246 883 132
247 527 468
248 178 233
249 490 388
250 472 363
251 686 380
252 407 381
253 87 302
254 183 70
255 886 129
256 948 548
257 277 198
258 289 202
259 763 135
260 245 361
261 747 361
262 788 603
263 700 346
264 195 374
265 698 325
266 620 58
267 810 545
268 102 365
269 730 321
270 351 448
271 322 277
272 147 622
273 610 380
274 620 97
275 870 512
276 361 670
277 208 620
278 944 217
279 721 642
280 684 100
281 953 407
282 887 497
283 528 602
284 573 324
285 754 242
286 313 81
287 740 701
288 526 209
289 530 405
290 286 341
291 600 620
292 721 110
293 67 535
294 857 649
295 582 505
296 542 255
297 868 518
298 551 573
299 197 606
300 206 301
301 640 524
302 720 57
303 862 53
304 382 399
305 330 228
306 627 640
307 675 240
308 572 209
309 499 67
310 750 279
311 496 375
312 924 562
313 83 221
314 643 532
315 332 352
316 391 534
317 670 513
318 52 294
319 329 191
320 51 292
321 236 580
322 253 522
323 624 160
324 363 164
325 258 514
326 926 483
327 966 511
328 706 594
329 447 318
330 128 285
331 347 620
332 585 453
333 855 704
334 564 564
335 812 124
336 263 715
337 856 593
338 595 403
339 417 170
340 623 604
341 419 179
342 441 64
343 317 369
344 500 233
345 110 568
346 648 565
347 310 585
348 82 530
349 169 512
350 613 354
351 890 137
352 728 98
353 164 292
354 587 158
355 480 558
356 134 173
357 957 236
358 631 537
359 778 136
360 436 307
361 792 248
362 396 235
363 140 61
364 919 278
365 638 201
366 138 231
367 396 77
368 802 531
369 877 560
370 829 520
371 90 439
372 822 297
373 327 67
374 546 230
375 930 435
376 936 715
377 488 214
378 242 456
379 903 590
380 872 425
381 567 322
382 840 696
383 374 475
384 380 630
385 509 613
386 585 647
387 628 249
388 850 92
389 827 120
390 939 573
391 399 191
392 959 57
393 272 457
394 844 321
395 778 672
396 520 587
397 939 639
398 112 544
399 494 498
400 104 599
401 137 311
402 552 527
403 744 411
404 886 132
405 317 253
406 166 529
407 161 676
408 164 109
409 237 491
410 919 687
411 503 521
412 398 439
413 955 565
414 925 61
415 399 68
416 869 101
417 459 631
418 324 212
419 63 160
420 439 365
421 820 253
422 481 546
423 305 370
424 386 438
425 295 581
426 360 152
427 733 308
428 209 391
429 270 433
430 673 385
431 354 156
432 792 315
433 855 308
434 701 556
435 362 540
436 890 204
437 706 519
438 701 664
439 798 677
440 870 546
441 276 467
442 816 546
443 558 575
444 131 425
445 542 254
446 594 360
447 278 561
448 730 137
449 534 644
450 685 106
451 498 231
452 439 116
453 973 243
454 197 121
455 636 448
456 210 159
457 262 257
458 957 577
459 860 140
460 496 432
461 738 657
462 629 233
463 858 532
464 788 575
465 822 480
466 260 186
467 816 213
468 375 713
469 677 431
470 332 475
471 917 696
472 359 365
473 225 147
474 284 317
475 525 187
476 782 55
477 67 650
478 57 184
479 276 227
480 750 618
481 307 676
482 614 119
483 390 597
484 482 670
485 896 413
486 598 198
487 760 126
488 714 238
489 826 317
490 406 527
491 264 500
492 684 695
493 219 222
494 213 344
495 395 329
496 744 626
497 359 79
498 913 635
499 966 280
500 225 150
501 622 528
502 518 132
503 841 179
504 745 307
505 740 319
506 68 132
507 206 548
508 486 342
509 443 446
510 964 332
511 257 499
512 293 538
513 739 337
514 842 103
515 973 114
516 169 398
517 265 311
518 865 426
519 692 228
520 77 185
521 688 639
522 585 548
523 489 64
524 748 597
525 245 404
526 188 272
527 889 667
528 365 255
529 961 201
530 602 271
531 849 234
532 848 156
533 779 171
534 482 314
535 858 287
536 666 367
537 306 413
538 412 159
539 237 457
540 371 492
541 476 293
542 884 663
543 177 482
544 109 191
545 53 673
546 224 161
547 285 214
548 951 255
549 236 577
550 732 60
551 657 547
552 870 192
553 784 666
554 113 313
555 464 385
556 439 512
557 946 691
558 947 393
559 908 268
560 294 649
561 241 305
562 949 144
563 319 70
564 354 372
565 804 69
566 936 401
567 793 411
568 857 647
569 351 352
570 166 126
571 736 177
572 897 90
573 127 651
574 734 280
575 567 143
576 509 699
577 693 686
578 384 168
579 119 86
580 610 619
581 242 117
582 510 154
583 660 368
584 843 654
585 154 596
586 850 148
587 692 405
588 236 623
589 620 642
590 698 89
591 764 644
592 287 569
593 744 68
594 815 166
595 462 140
596 131 629
597 259 129
598 413 663
599 492 695
600 484 210
601 194 407
602 510 170
603 864 628
604 953 630
605 79 308
606 180 395
607 260 170
608 470 183
609 573 524
610 200 623
611 54 538
612 682 149
613 326 638
614 195 406
615 51 325
616 352 351
617 132 573
618 529 550
619 964 310
620 453 440
621 841 406
622 115 608
623 240 617
624 169 551
625 265 574
626 949 638
627 394 336
628 253 465
629 951 648
630 839 442
631 316 557
632 866 608
633 304 385
634 360 360
635 244 562
636 666 355
637 382 237
638 443 502
639 573 484
640 440 637
641 958 670
642 454 168
643 713 510
644 941 648
645 718 488
646 419 686
647 786 252
648 532 645
649 215 532
650 183 375
651 858 54
652 340 325
653 486 579
654 511 575
655 926 173
656 786 419
657 663 163
658 326 428
659 522 613
660 433 652
661 955 159
662 173 348
663 707 545
664 884 55
665 946 151
666 98 220
667 375 429
668 498 457
669 939 118
670 632 574
671 257 99
672 517 98
673 493 456
674 164 452
675 559 269
676 351 567
677 466 521
678 631 551
679 531 373
680 560 325
681 403 60
682 472 360
683 221 545
684 888 346
685 842 52
686 180 189
687 241 320
688 338 144
689 954 295
690 787 503
691 260 176
692 973 710
693 652 633
694 750 437
695 835 188
696 709 297
697 820 146
698 671 247
699 501 224
700 358 591
701 156 188
702 540 582
703 605 312
704 475 180
705 309 593
706 310 304
707 84 594
708 794 543
709 708 612
710 52 106
711 542 488
712 454 469
713 764 253
714 791 643
715 589 164
716 237 460
717 556 541
718 887 75
719 241 269
720 876 696
721 579 59
722 609 109
723 373 674
724 951 433
725 441 648
726 68 405
727 929 520
728 906 123
729 329 578
730 853 99
731 878 681
732 550 398
733 970 432
734 677 683
735 399 548
736 721 255
737 820 350
738 165 602
739 448 624
740 628 241
741 539 181
742 472 188
743 611 491
744 174 626
745 77 226
746 224 283
747 134 623
748 169 704
749 742 429
750 509 133
751 718 627
752 938 224
753 816 704
754 71 296
755 694 706
756 92 75
757 313 593
758 60 441
759 928 598
760 611 221
761 219 605
762 969 119
763 486 451
764 880 360
765 255 436
766 453 68
767 102 222
768 474 306
769 364 83
770 100 445
771 276 389
772 259 551
773 275 713
774 740 550
775 480 232
776 583 335
777 947 310
778 342 116
779 620 148
780 600 716
781 857 634
782 453 399
783 613 581
784 199 261
785 652 152
786 561 101
787 612 356
788 647 539
789 339 511
790 654 78
791 967 689
792 336 701
793 223 191
794 146 182
795 301 633
796 684 652
797 402 574
798 970 497
799 493 594
800 564 453
801 315 415
802 681 690
803 771 659
804 327 431
805 94 275
806 483 51
807 337 697
808 695 656
809 125 570
810 612 276
811 504 671
812 525 589
813 110 450
814 144 560
815 359 422
816 423 562
817 968 192
818 913 73
819 491 378
820 957 222
821 235 629
822 724 388
823 943 128
824 150 612
825 473 634
826 973 559
827 81 622
828 705 662
829 567 528
830 442 468
831 391 614
832 694 468
833 955 93
834 860 125
835 657 127
836 805 439
837 528 712
838 140 184
839 377 531
840 484 345
841 93 659
842 278 379
843 971 347
844 826 390
845 730 79
846 746 144
847 519 61
848 873 631
849 414 329
850 201 460
851 311 709
852 95 553
853 779 534
854 894 157
855 88 504
856 629 134
857 147 404
858 278 93
859 711 630
860 351 518
861 860 480
862 685 85
863 843 119
864 388 636
865 114 513
866 767 336
867 367 609
868 107 246
869 184 156
870 65 585
871 374 562
872 906 51
873 312 335
874 232 381
875 880 77
876 598 351
877 139 478
878 576 714
879 433 224
880 188 576
881 514 308
882 543 59
883 158 330
884 673 162
885 608 373
886 792 85
887 224 177
888 115 98
889 728 348
890 253 398
891 70 209
892 495 601
893 65 293
894 677 576
895 64 351
896 869 601
897 133 232
898 821 550
899 687 216
900 661 163
901 853 227
902 553 560
903 166 315
904 236 500
905 485 659
906 275 96
907 950 697
908 882 385
909 682 549
910 670 706
911 552 299
912 104 629
913 618 634
914 663 410
915 716 453
916 552 417
917 399 699
918 928 302
919 716 138
920 287 170
921 955 199
922 164 707
923 918 108
924 731 404
925 746 705
926 289 476
927 405 477
928 470 228
929 958 164
930 829 494
931 475 556
932 619 656
933 606 544
934 952 608
935 151 543
936 564 679
937 124 504
938 69 54
939 557 158
940 65 277
941 879 325
942 198 299
943 164 192
944 869 666
945 239 424
946 540 644
947 63 373
948 264 263
949 594 324
950 876 552
951 809 528
952 650 376
953 82 437
954 76 55
955 295 118
956 329 51
957 502 510
958 308 484
959 520 106
960 204 453
961 635 97
962 947 586
963 846 576
964 358 535
965 758 580
966 606 601
967 852 402
968 430 696
969 891 416
970 90 353
971 74 59
972 383 539
973 533 161
974 188 263
975 649 184
976 344 394
977 466 600
978 510 340
979 627 657
980 268 425
981 961 183
982 225 385
983 115 486
984 406 618
985 220 136
986 881 147
987 176 269
988 109 488
989 775 417
990 621 320
991 482 486
992 99 135
993 419 547
994 776 116
995 122 424
996 658 479
997 812 187
998 743 647
999 637 650
1000 400 632
1001 615 466
1002 730 175
1003 431 158
1004 556 593
1005 304 585
1006 778 147
1007 431 117
1008 500 209
1009 764 402
1010 372 384
1011 440 330
1012 56 248
1013 169 511
1014 458 679
1015 960 682
1016 336 200
1017 356 162
1018 632 197
1019 574 678
1020 624 329
1021 868 236
1022 241 241
1023 424 350
;
0 74 38
1 38 75
2 75 74
3 74 43
4 43 75
5 105 113
6 113 116
7 116 105
8 91 64
9 64 124
10 124 91
11 87 81
12 81 141
13 141 87
14 16 69
15 69 145
16 145 16
17 0 68
18 68 145
19 145 0
20 126 56
21 56 163
22 163 126
23 28 164
24 164 169
25 169 28
26 64 6
27 6 170
28 170 64
29 64 126
30 126 170
31 131 109
32 109 176
33 176 131
34 172 4
35 4 196
36 196 172
37 34 130
38 130 199
39 199 34
40 165 61
41 61 218
42 218 165
43 165 217
44 217 218
45 67 211
46 211 221
47 221 67
48 169 227
49 227 164
50 179 31
51 31 229
52 229 179
53 96 9
54 9 231
55 231 96
56 56 232
57 232 163
58 129 62
59 62 236
60 236 129
61 201 188
62 188 236
63 236 201
64 105 201
65 236 105
66 116 236
67 63 185
68 185 237
69 237 63
70 131 237
71 237 176
72 176 63
73 55 144
74 144 238
75 238 55
76 128 162
77 162 245
78 245 128
79 119 93
80 93 248
81 248 119
82 159 25
83 25 251
84 251 159
85 198 72
86 72 260
87 260 198
88 70 87
89 87 263
90 263 70
91 263 81
92 81 251
93 251 263
94 201 264
95 264 188
96 264 105
97 70 265
98 265 87
99 141 265
100 233 141
101 265 233
102 183 210
103 210 268
104 268 183
105 193 123
106 123 270
107 270 193
108 162 271
109 271 128
110 266 147
111 147 274
112 274 266
113 34 282
114 282 199
115 199 275
116 275 282
117 218 22
118 22 284
119 284 218
120 0 95
121 95 286
122 286 0
123 249 230
124 230 289
125 289 249
126 97 230
127 289 97
128 242 191
129 191 293
130 293 242
131 275 297
132 297 199
133 62 300
134 300 129
135 79 266
136 266 302
137 302 79
138 79 46
139 46 302
140 252 142
141 142 304
142 304 252
143 172 305
144 305 4
145 172 190
146 190 305
147 249 311
148 311 230
149 199 312
150 312 130
151 301 41
152 41 317
153 317 301
154 314 301
155 317 314
156 8 111
157 111 317
158 317 8
159 71 39
160 39 321
161 321 71
162 90 4
163 4 324
164 324 90
165 90 223
166 223 324
167 139 322
168 322 325
169 325 139
170 139 131
171 131 325
172 34 326
173 326 130
174 256 73
175 73 327
176 327 256
177 256 177
178 177 327
179 200 146
180 146 328
181 328 200
182 207 226
183 226 332
184 332 207
185 229 240
186 240 336
187 336 229
188 332 40
189 40 338
190 338 332
191 36 40
192 338 36
193 36 273
194 273 338
195 224 339
196 339 341
197 341 224
198 292 57
199 57 352
200 352 292
201 119 330
202 330 353
203 353 119
204 184 119
205 353 184
206 314 358
207 358 301
208 120 29
209 29 361
210 361 120
211 120 32
212 32 361
213 170 362
214 362 126
215 56 362
216 254 173
217 173 363
218 363 254
219 13 205
220 205 363
221 363 13
222 13 254
223 93 366
224 366 119
225 297 370
226 370 275
227 288 308
228 308 374
229 374 288
230 165 308
231 374 165
232 326 375
233 375 34
234 333 158
235 158 376
236 376 333
237 12 30
238 30 379
239 379 12
240 312 369
241 369 379
242 379 312
243 312 118
244 118 379
245 375 380
246 380 34
247 284 381
248 381 218
249 333 382
250 382 158
251 270 383
252 383 123
253 133 331
254 331 384
255 384 133
256 133 276
257 276 384
258 151 291
259 291 386
260 386 151
261 26 189
262 189 389
263 389 26
264 99 189
265 389 99
266 99 335
267 335 389
268 118 390
269 390 312
270 312 256
271 256 390
272 224 391
273 391 341
274 196 391
275 391 4
276 391 90
277 90 224
278 287 100
279 100 395
280 395 287
281 385 283
282 283 396
283 396 385
284 330 401
285 401 353
286 144 295
287 295 402
288 402 144
289 402 55
290 246 255
291 255 404
292 404 246
293 255 351
294 351 404
295 351 246
296 271 405
297 405 128
298 190 405
299 405 172
300 213 349
301 349 406
302 406 213
303 254 408
304 408 13
305 13 14
306 14 408
307 304 412
308 412 142
309 256 413
310 413 390
311 88 392
312 392 414
313 414 88
314 342 367
315 367 415
316 415 342
317 255 102
318 102 416
319 416 255
320 416 246
321 258 319
322 319 418
323 418 258
324 305 418
325 418 190
326 418 4
327 142 420
328 420 252
329 252 166
330 166 420
331 120 372
332 372 421
333 421 120
334 32 421
335 411 195
336 195 422
337 422 411
338 270 424
339 424 383
340 223 426
341 426 324
342 188 428
343 428 264
344 94 393
345 393 429
346 429 94
347 251 430
348 430 159
349 120 432
350 432 29
351 432 372
352 310 29
353 432 310
354 328 48
355 48 434
356 434 328
357 146 434
358 317 437
359 437 8
360 395 439
361 439 100
362 297 440
363 440 199
364 24 109
365 109 441
366 441 24
367 393 441
368 441 94
369 334 77
370 77 443
371 443 334
372 183 137
373 137 444
374 444 183
375 374 344
376 344 445
377 445 374
378 3 344
379 445 3
380 3 296
381 296 445
382 165 296
383 445 165
384 273 446
385 446 338
386 221 450
387 450 67
388 292 67
389 450 292
390 342 37
391 37 452
392 452 342
393 408 454
394 454 254
395 40 455
396 455 36
397 413 458
398 458 390
399 97 247
400 247 460
401 460 97
402 289 460
403 460 249
404 171 249
405 460 171
406 171 92
407 92 460
408 287 461
409 461 395
410 243 365
411 365 462
412 462 243
413 220 243
414 462 220
415 370 463
416 463 297
417 463 440
418 203 262
419 262 464
420 464 203
421 216 186
422 186 465
423 465 216
424 361 60
425 60 467
426 467 361
427 32 467
428 467 421
429 225 235
430 235 468
431 468 225
432 228 235
433 468 228
434 228 336
435 336 468
436 94 193
437 193 470
438 470 94
439 470 123
440 470 383
441 383 194
442 194 470
443 182 290
444 290 474
445 474 182
446 162 182
447 474 162
448 20 419
449 419 478
450 478 20
451 128 457
452 457 479
453 479 128
454 190 479
455 479 405
456 155 257
457 257 479
458 479 155
459 125 149
460 149 481
461 481 125
462 179 149
463 481 179
464 31 481
465 143 104
466 104 482
467 482 143
468 1 35
469 35 484
470 484 1
471 101 308
472 308 486
473 486 101
474 352 487
475 487 57
476 448 57
477 487 448
478 359 259
479 259 487
480 487 359
481 285 122
482 122 488
483 488 285
484 432 489
485 489 372
486 433 394
487 394 489
488 489 433
489 433 372
490 214 432
491 489 214
492 316 44
493 44 490
494 490 316
495 24 491
496 491 109
497 325 491
498 491 131
499 260 188
500 188 494
501 494 260
502 494 236
503 62 494
504 64 495
505 495 91
506 495 126
507 178 480
508 480 496
509 496 178
510 12 498
511 498 379
512 456 473
513 473 500
514 500 456
515 69 473
516 500 69
517 358 501
518 501 301
519 41 501
520 432 504
521 504 310
522 427 504
523 504 505
524 505 427
525 427 269
526 269 505
527 419 506
528 506 20
529 406 507
530 507 213
531 412 167
532 167 509
533 509 412
534 509 142
535 491 511
536 511 325
537 511 24
538 24 409
539 409 511
540 185 512
541 512 237
542 139 447
543 447 512
544 512 139
545 512 131
546 261 140
547 140 513
548 513 261
549 269 513
550 513 505
551 70 269
552 513 70
553 99 514
554 514 189
555 99 388
556 388 514
557 453 19
558 19 515
559 515 453
560 392 515
561 515 88
562 245 27
563 27 517
564 517 245
565 517 162
566 474 517
567 517 290
568 52 380
569 380 518
570 518 52
571 83 380
572 518 83
573 122 519
574 519 488
575 488 307
576 307 519
577 20 520
578 520 478
579 478 18
580 18 520
581 77 115
582 115 522
583 522 77
584 334 522
585 49 37
586 37 523
587 523 49
588 49 309
589 309 523
590 262 480
591 480 524
592 524 262
593 524 496
594 129 353
595 353 526
596 526 129
597 498 134
598 134 527
599 527 498
600 410 134
601 527 410
602 170 528
603 528 6
604 196 528
605 528 172
606 271 6
607 528 271
608 528 405
609 217 530
610 530 165
611 421 531
612 531 467
613 86 503
614 503 532
615 532 86
616 508 329
617 329 534
618 534 508
619 372 535
620 535 421
621 535 433
622 433 154
623 154 535
624 535 531
625 7 204
626 204 535
627 535 7
628 7 154
629 81 536
630 536 251
631 430 536
632 429 537
633 537 94
634 339 538
635 538 224
636 316 540
637 540 490
638 383 540
639 540 194
640 163 360
641 360 541
642 541 163
643 232 541
644 344 541
645 541 3
646 527 542
647 542 498
648 213 157
649 157 543
650 543 213
651 356 132
652 132 544
653 544 356
654 520 544
655 544 20
656 544 18
657 18 209
658 209 544
659 477 192
660 192 545
661 545 477
662 500 546
663 546 456
664 190 547
665 547 479
666 547 418
667 258 547
668 257 258
669 547 257
670 453 499
671 499 548
672 548 453
673 453 357
674 357 548
675 321 549
676 549 39
677 302 550
678 550 46
679 302 476
680 476 550
681 112 222
682 222 551
683 551 112
684 346 212
685 212 551
686 551 346
687 346 222
688 86 436
689 436 552
690 552 86
691 503 148
692 148 552
693 552 503
694 439 553
695 553 395
696 106 253
697 253 554
698 554 106
699 401 554
700 554 330
701 249 234
702 234 555
703 555 249
704 171 555
705 250 420
706 420 555
707 555 250
708 250 234
709 134 557
710 557 410
711 471 410
712 557 471
713 376 471
714 557 376
715 43 558
716 558 74
717 43 281
718 281 558
719 7 559
720 559 204
721 7 364
722 364 559
723 548 364
724 559 548
725 149 560
726 560 125
727 560 179
728 560 229
729 517 561
730 561 27
731 286 173
732 173 563
733 563 286
734 173 373
735 373 563
736 95 373
737 563 95
738 315 343
739 343 564
740 564 315
741 558 566
742 566 281
743 375 244
744 244 566
745 566 375
746 566 74
747 74 244
748 76 85
749 85 567
750 567 76
751 42 294
752 294 568
753 568 42
754 315 569
755 569 564
756 564 472
757 472 569
758 14 570
759 570 408
760 454 570
761 356 14
762 570 356
763 122 571
764 571 285
765 60 285
766 571 60
767 60 533
768 533 571
769 102 572
770 572 416
771 407 272
772 272 573
773 573 407
774 407 2
775 2 573
776 310 574
777 574 504
778 427 574
779 502 50
780 50 575
781 575 502
782 9 575
783 575 231
784 104 231
785 575 104
786 104 354
787 354 575
788 223 578
789 578 90
790 578 426
791 426 538
792 538 578
793 578 224
794 205 579
795 579 13
796 291 580
797 580 151
798 454 581
799 581 254
800 502 582
801 582 50
802 536 583
803 583 430
804 117 382
805 382 584
806 584 117
807 42 584
808 584 294
809 459 532
810 532 586
811 586 459
812 138 26
813 26 586
814 586 138
815 138 459
816 25 66
817 66 587
818 587 25
819 469 66
820 587 469
821 469 89
822 89 587
823 159 89
824 587 159
825 386 589
826 589 151
827 450 280
828 280 590
829 590 450
830 292 590
831 590 352
832 178 591
833 591 480
834 262 591
835 512 592
836 592 447
837 550 593
838 593 476
839 503 594
840 594 532
841 49 595
842 595 37
843 452 595
844 573 596
845 596 272
846 16 597
847 597 69
848 473 581
849 581 597
850 597 473
851 484 599
852 599 35
853 35 127
854 127 599
855 576 127
856 599 576
857 576 235
858 235 599
859 98 475
860 475 602
861 602 98
862 582 98
863 602 582
864 253 605
865 605 106
866 215 516
867 516 606
868 606 215
869 215 601
870 601 606
871 428 108
872 108 606
873 606 428
874 264 606
875 546 607
876 607 500
877 69 607
878 402 609
879 609 295
880 277 208
881 208 610
882 610 277
883 299 277
884 610 299
885 191 611
886 611 293
887 192 611
888 611 545
889 545 239
890 239 611
891 17 239
892 611 17
893 17 191
894 211 612
895 612 221
896 125 133
897 133 613
898 613 125
899 613 560
900 613 331
901 331 103
902 103 613
903 606 614
904 614 601
905 108 614
906 135 108
907 614 135
908 135 601
909 239 615
910 615 545
911 318 320
912 320 615
913 615 318
914 107 239
915 615 107
916 106 107
917 615 106
918 615 605
919 124 616
920 616 91
921 315 124
922 616 315
923 569 616
924 55 618
925 618 402
926 411 55
927 618 411
928 618 422
929 92 620
930 620 171
931 161 585
932 585 622
933 622 161
934 617 161
935 622 617
936 187 400
937 400 622
938 622 187
939 588 71
940 71 623
941 623 588
942 507 624
943 624 406
944 592 625
945 625 447
946 425 592
947 625 425
948 150 425
949 625 150
950 71 150
951 625 71
952 39 625
953 174 604
954 604 626
955 626 174
956 604 397
957 397 626
958 91 15
959 15 627
960 627 91
961 627 495
962 24 628
963 628 409
964 157 409
965 628 157
966 393 628
967 628 441
968 174 629
969 629 626
970 518 630
971 630 52
972 186 630
973 630 465
974 465 52
975 621 85
976 85 630
977 630 621
978 621 518
979 592 631
980 631 512
981 185 219
982 219 631
983 631 185
984 631 425
985 30 603
986 603 632
987 632 30
988 603 203
989 203 632
990 337 203
991 632 337
992 343 82
993 82 633
994 633 343
995 343 423
996 423 633
997 616 634
998 634 91
999 634 569
1000 472 634
1001 625 635
1002 635 39
1003 549 635
1004 233 636
1005 636 141
1006 583 233
1007 636 583
1008 536 636
1009 636 81
1010 528 637
1011 637 196
1012 391 362
1013 362 637
1014 637 391
1015 637 170
1016 295 226
1017 226 639
1018 639 295
1019 639 207
1020 181 417
1021 417 640
1022 640 181
1023 629 641
1024 641 174
1025 557 641
1026 641 134
1027 341 608
1028 608 642
1029 642 341
1030 437 643
1031 643 8
1032 54 206
1033 206 643
1034 643 54
1035 134 644
1036 644 498
1037 498 397
1038 397 644
1039 644 626
1040 629 644
1041 644 641
1042 8 645
1043 645 643
1044 206 645
1045 361 647
1046 647 29
1047 647 60
1048 385 1
1049 1 648
1050 648 385
1051 507 649
1052 649 213
1053 606 650
1054 650 516
1055 105 650
1056 650 113
1057 210 113
1058 650 210
1059 210 516
1060 650 264
1061 315 11
1062 11 652
1063 652 315
1064 124 652
1065 652 64
1066 6 652
1067 355 653
1068 653 654
1069 654 355
1070 422 355
1071 654 422
1072 618 654
1073 76 656
1074 656 567
1075 186 76
1076 656 186
1077 51 152
1078 152 657
1079 657 51
1080 385 659
1081 659 283
1082 659 648
1083 648 449
1084 449 659
1085 646 59
1086 59 660
1087 660 646
1088 646 598
1089 598 660
1090 113 662
1091 662 116
1092 662 236
1093 662 210
1094 48 663
1095 663 434
1096 655 661
1097 661 665
1098 665 655
1099 661 562
1100 562 665
1101 313 209
1102 209 666
1103 666 313
1104 666 544
1105 270 667
1106 667 424
1107 304 667
1108 667 412
1109 412 424
1110 460 668
1111 668 247
1112 238 399
1113 399 668
1114 668 238
1115 238 247
1116 212 670
1117 670 346
1118 581 671
1119 671 254
1120 671 597
1121 668 673
1122 673 460
1123 137 215
1124 215 674
1125 674 137
1126 674 601
1127 674 444
1128 296 675
1129 675 3
1130 21 61
1131 61 675
1132 675 21
1133 21 3
1134 675 165
1135 219 435
1136 435 676
1137 676 219
1138 195 677
1139 677 422
1140 638 556
1141 556 677
1142 677 638
1143 399 195
1144 677 399
1145 212 678
1146 678 670
1147 670 115
1148 115 678
1149 230 679
1150 679 311
1151 311 47
1152 47 679
1153 47 680
1154 680 679
1155 381 680
1156 680 284
1157 497 415
1158 415 681
1159 681 497
1160 681 342
1161 342 110
1162 110 681
1163 166 682
1164 682 420
1165 250 682
1166 234 311
1167 311 682
1168 682 234
1169 649 683
1170 683 507
1171 635 683
1172 683 549
1173 549 507
1174 322 649
1175 683 322
1176 683 139
1177 74 684
1178 684 38
1179 38 121
1180 121 684
1181 651 303
1182 303 685
1183 685 651
1184 565 476
1185 476 685
1186 685 565
1187 388 651
1188 685 388
1189 685 99
1190 99 565
1191 493 248
1192 248 686
1193 686 493
1194 260 687
1195 687 494
1196 62 687
1197 687 300
1198 300 561
1199 561 687
1200 687 517
1201 687 290
1202 290 260
1203 145 319
1204 319 688
1205 688 145
1206 68 688
1207 426 431
1208 431 688
1209 688 426
1210 499 619
1211 619 689
1212 689 499
1213 364 689
1214 689 548
1215 465 690
1216 690 216
1217 206 216
1218 690 206
1219 690 54
1220 54 156
1221 156 690
1222 168 465
1223 690 168
1224 168 156
1225 155 466
1226 466 691
1227 691 155
1228 340 306
1229 306 693
1230 693 340
1231 216 694
1232 694 206
1233 656 694
1234 694 186
1235 503 695
1236 695 148
1237 594 695
1238 265 696
1239 696 233
1240 574 696
1241 696 427
1242 696 269
1243 696 70
1244 335 697
1245 697 389
1246 359 335
1247 697 359
1248 586 697
1249 697 532
1250 594 697
1251 697 26
1252 220 698
1253 698 243
1254 243 307
1255 307 698
1256 696 698
1257 698 233
1258 233 220
1259 377 451
1260 451 699
1261 699 377
1262 344 451
1263 699 344
1264 699 374
1265 288 699
1266 618 298
1267 298 702
1268 702 618
1269 702 654
1270 654 396
1271 396 702
1272 217 703
1273 703 218
1274 22 703
1275 98 704
1276 704 582
1277 582 595
1278 595 704
1279 642 595
1280 704 642
1281 608 704
1282 150 705
1283 705 425
1284 182 11
1285 11 706
1286 706 182
1287 706 652
1288 706 6
1289 271 706
1290 706 162
1291 400 707
1292 707 187
1293 345 400
1294 707 345
1295 464 267
1296 267 708
1297 708 464
1298 241 368
1299 368 708
1300 708 241
1301 241 267
1302 496 709
1303 709 524
1304 524 328
1305 328 709
1306 478 710
1307 710 419
1308 710 506
1309 320 478
1310 710 320
1311 710 615
1312 144 711
1313 711 238
1314 247 711
1315 639 711
1316 711 295
1317 620 509
1318 509 712
1319 712 620
1320 285 310
1321 310 713
1322 713 285
1323 29 713
1324 713 647
1325 713 60
1326 203 42
1327 42 714
1328 714 203
1329 262 714
1330 714 591
1331 439 117
1332 117 714
1333 714 439
1334 553 714
1335 714 584
1336 323 486
1337 486 715
1338 715 323
1339 715 101
1340 101 354
1341 354 715
1342 628 716
1343 716 157
1344 378 628
1345 716 378
1346 378 539
1347 539 716
1348 618 717
1349 717 402
1350 334 717
1351 717 522
1352 33 136
1353 136 719
1354 719 33
1355 114 136
1356 719 114
1357 471 720
1358 720 376
1359 333 720
1360 65 266
1361 266 721
1362 721 65
1363 274 721
1364 96 65
1365 721 96
1366 721 231
1367 231 274
1368 274 722
1369 722 231
1370 274 482
1371 482 722
1372 722 104
1373 281 724
1374 724 566
1375 375 724
1376 724 326
1377 181 725
1378 725 640
1379 660 640
1380 725 660
1381 725 59
1382 268 726
1383 726 183
1384 177 727
1385 727 256
1386 326 177
1387 727 326
1388 130 727
1389 727 312
1390 351 728
1391 728 255
1392 102 728
1393 676 700
1394 700 729
1395 729 676
1396 729 219
1397 729 631
1398 631 347
1399 347 729
1400 23 700
1401 729 23
1402 416 388
1403 388 730
1404 730 416
1405 514 730
1406 542 731
1407 731 527
1408 720 731
1409 731 471
1410 731 410
1411 731 333
1412 338 732
1413 732 446
1414 446 679
1415 679 732
1416 732 230
1417 97 732
1418 43 733
1419 733 281
1420 733 724
1421 438 577
1422 577 734
1423 734 438
1424 316 735
1425 735 44
1426 696 736
1427 736 574
1428 488 736
1429 736 285
1430 736 310
1431 736 698
1432 736 307
1433 489 737
1434 737 214
1435 737 394
1436 227 394
1437 737 227
1438 164 737
1439 417 45
1440 45 739
1441 739 417
1442 640 739
1443 530 387
1444 387 740
1445 740 530
1446 220 387
1447 740 220
1448 462 740
1449 101 741
1450 741 308
1451 741 288
1452 288 475
1453 475 741
1454 704 600
1455 600 742
1456 742 704
1457 608 742
1458 226 743
1459 743 295
1460 501 295
1461 743 501
1462 41 743
1463 208 744
1464 744 610
1465 407 208
1466 744 407
1467 272 744
1468 299 738
1469 738 744
1470 744 299
1471 197 300
1472 300 746
1473 746 197
1474 27 719
1475 719 746
1476 746 27
1477 746 561
1478 526 197
1479 746 526
1480 746 33
1481 596 747
1482 747 272
1483 596 622
1484 622 747
1485 336 748
1486 748 240
1487 407 748
1488 748 208
1489 208 240
1490 403 694
1491 694 749
1492 749 403
1493 49 750
1494 750 595
1495 502 750
1496 750 582
1497 496 279
1498 279 751
1499 751 496
1500 751 709
1501 436 204
1502 204 752
1503 752 436
1504 655 436
1505 752 655
1506 655 278
1507 278 752
1508 752 559
1509 548 752
1510 752 357
1511 439 753
1512 753 117
1513 158 753
1514 753 382
1515 753 100
1516 100 158
1517 253 754
1518 754 605
1519 754 615
1520 577 492
1521 492 755
1522 755 577
1523 577 287
1524 287 755
1525 579 756
1526 756 205
1527 710 180
1528 180 756
1529 756 710
1530 756 506
1531 23 757
1532 757 729
1533 331 23
1534 757 331
1535 757 103
1536 103 705
1537 705 757
1538 347 705
1539 757 347
1540 239 758
1541 758 17
1542 239 726
1543 726 758
1544 5 17
1545 758 5
1546 498 759
1547 759 397
1548 759 379
1549 118 759
1550 462 760
1551 760 740
1552 760 530
1553 165 760
1554 760 365
1555 486 760
1556 760 308
1557 277 761
1558 761 299
1559 588 277
1560 761 588
1561 623 761
1562 761 71
1563 321 761
1564 515 762
1565 762 19
1566 661 19
1567 762 661
1568 562 762
1569 620 763
1570 763 92
1571 763 712
1572 673 763
1573 763 460
1574 169 764
1575 764 227
1576 227 684
1577 684 764
1578 764 74
1579 429 765
1580 765 393
1581 765 628
1582 378 765
1583 110 37
1584 37 766
1585 766 110
1586 342 766
1587 666 767
1588 767 313
1589 767 544
1590 534 768
1591 768 329
1592 534 541
1593 541 768
1594 768 360
1595 360 329
1596 426 367
1597 367 769
1598 769 426
1599 769 415
1600 497 769
1601 5 80
1602 80 770
1603 770 5
1604 5 371
1605 371 770
1606 633 537
1607 537 771
1608 771 633
1609 139 772
1610 772 447
1611 772 683
1612 635 772
1613 772 625
1614 468 773
1615 773 336
1616 31 773
1617 773 229
1618 54 774
1619 774 643
1620 48 774
1621 774 663
1622 437 663
1623 774 437
1624 774 328
1625 524 774
1626 377 775
1627 775 451
1628 232 775
1629 775 541
1630 775 344
1631 284 776
1632 776 680
1633 776 679
1634 446 776
1635 689 777
1636 777 619
1637 510 619
1638 777 510
1639 75 510
1640 777 75
1641 38 777
1642 68 778
1643 778 0
1644 769 778
1645 778 426
1646 778 688
1647 778 95
1648 497 95
1649 778 497
1650 143 779
1651 779 104
1652 779 354
1653 779 715
1654 323 779
1655 228 780
1656 780 336
1657 376 780
1658 780 158
1659 203 781
1660 781 42
1661 603 781
1662 781 568
1663 555 782
1664 782 171
1665 142 782
1666 782 509
1667 782 620
1668 782 420
1669 670 340
1670 340 783
1671 783 670
1672 77 783
1673 783 115
1674 248 784
1675 784 493
1676 493 33
1677 33 784
1678 784 746
1679 526 784
1680 779 785
1681 785 323
1682 152 323
1683 785 152
1684 96 786
1685 786 9
1686 96 672
1687 672 786
1688 502 786
1689 786 575
1690 551 788
1691 788 112
1692 317 112
1693 788 317
1694 314 788
1695 788 358
1696 358 678
1697 678 788
1698 788 212
1699 63 194
1700 194 789
1701 789 63
1702 185 789
1703 789 219
1704 789 540
1705 79 790
1706 790 266
1707 147 790
1708 174 791
1709 791 641
1710 174 692
1711 692 791
1712 58 692
1713 791 58
1714 155 493
1715 493 793
1716 793 155
1717 466 793
1718 793 686
1719 150 560
1720 560 795
1721 795 150
1722 103 795
1723 795 705
1724 795 613
1725 521 693
1726 693 796
1727 796 521
1728 735 160
1729 160 797
1730 797 735
1731 73 798
1732 798 327
1733 73 733
1734 733 798
1735 798 177
1736 798 326
1737 798 724
1738 396 799
1739 799 654
1740 653 799
1741 247 800
1742 800 97
1743 207 800
1744 800 332
1745 800 711
1746 800 639
1747 82 658
1748 658 801
1749 801 82
1750 537 801
1751 801 633
1752 94 658
1753 801 94
1754 492 802
1755 802 577
1756 802 734
1757 553 803
1758 803 395
1759 803 714
1760 591 803
1761 803 461
1762 178 461
1763 803 178
1764 193 804
1765 804 270
1766 804 94
1767 658 804
1768 253 805
1769 805 754
1770 805 554
1771 330 805
1772 685 806
1773 806 476
1774 806 302
1775 806 266
1776 806 65
1777 523 806
1778 806 309
1779 806 37
1780 110 806
1781 276 807
1782 807 133
1783 468 792
1784 792 807
1785 807 468
1786 723 468
1787 807 723
1788 723 276
1789 807 125
1790 807 481
1791 807 31
1792 796 808
1793 808 521
1794 734 796
1795 808 734
1796 438 808
1797 345 398
1798 398 809
1799 809 345
1800 809 400
1801 809 622
1802 617 809
1803 220 810
1804 810 387
1805 530 810
1806 810 217
1807 703 810
1808 810 233
1809 35 811
1810 811 1
1811 811 648
1812 576 811
1813 811 127
1814 396 812
1815 812 283
1816 702 812
1817 702 283
1818 674 813
1819 813 444
1820 80 813
1821 813 770
1822 398 814
1823 814 809
1824 617 814
1825 814 161
1826 161 624
1827 624 814
1828 667 815
1829 815 304
1830 815 270
1831 804 815
1832 815 658
1833 82 815
1834 739 160
1835 160 816
1836 816 739
1837 453 817
1838 817 19
1839 453 529
1840 529 817
1841 414 818
1842 818 88
1843 718 572
1844 572 818
1845 818 718
1846 249 819
1847 819 234
1848 311 819
1849 278 529
1850 529 820
1851 820 278
1852 357 820
1853 820 752
1854 820 453
1855 240 821
1856 821 208
1857 821 229
1858 150 821
1859 821 560
1860 821 71
1861 588 821
1862 821 277
1863 263 822
1864 822 251
1865 25 822
1866 669 762
1867 762 823
1868 823 669
1869 562 823
1870 823 665
1871 728 665
1872 823 728
1873 728 669
1874 585 738
1875 738 824
1876 824 585
1877 272 824
1878 824 747
1879 824 622
1880 824 744
1881 1 825
1882 825 385
1883 417 825
1884 825 181
1885 825 45
1886 692 826
1887 826 174
1888 692 73
1889 73 826
1890 458 826
1891 826 413
1892 826 256
1893 187 827
1894 827 707
1895 477 187
1896 827 477
1897 192 827
1898 279 461
1899 461 828
1900 828 279
1901 438 828
1902 828 808
1903 808 279
1904 828 287
1905 828 577
1906 402 829
1907 829 609
1908 717 829
1909 829 522
1910 522 609
1911 638 712
1912 712 830
1913 830 638
1914 830 509
1915 167 830
1916 66 832
1917 832 469
1918 645 832
1919 832 8
1920 111 832
1921 762 833
1922 833 669
1923 88 833
1924 833 818
1925 833 515
1926 730 834
1927 834 416
1928 834 246
1929 459 246
1930 834 459
1931 138 834
1932 834 26
1933 280 790
1934 790 835
1935 835 280
1936 835 450
1937 221 835
1938 835 612
1939 612 785
1940 785 835
1941 76 836
1942 836 186
1943 836 630
1944 836 85
1945 235 837
1946 837 228
1947 837 576
1948 132 838
1949 838 544
1950 838 356
1951 356 794
1952 794 838
1953 701 794
1954 838 701
1955 701 366
1956 366 838
1957 316 839
1958 839 540
1959 311 840
1960 840 682
1961 508 840
1962 840 329
1963 573 841
1964 841 2
1965 477 841
1966 841 545
1967 53 545
1968 841 53
1969 53 2
1970 841 187
1971 290 842
1972 842 260
1973 423 290
1974 842 423
1975 842 633
1976 771 842
1977 198 771
1978 842 198
1979 510 843
1980 843 619
1981 843 499
1982 453 843
1983 733 843
1984 843 43
1985 843 75
1986 843 73
1987 73 453
1988 567 844
1989 844 85
1990 164 844
1991 844 28
1992 621 28
1993 844 621
1994 737 567
1995 844 737
1996 352 593
1997 593 845
1998 845 352
1999 550 845
2000 845 46
2001 845 79
2002 590 79
2003 845 590
2004 259 846
2005 846 487
2006 448 846
2007 571 846
2008 846 533
2009 309 847
2010 847 806
2011 49 672
2012 672 847
2013 847 49
2014 542 848
2015 848 498
2016 12 848
2017 848 30
2018 603 848
2019 568 848
2020 848 781
2021 848 294
2022 294 542
2023 360 849
2024 849 163
2025 849 126
2026 495 849
2027 849 627
2028 849 15
2029 543 674
2030 674 850
2031 850 543
2032 157 850
2033 468 851
2034 851 773
2035 792 851
2036 851 31
2037 851 807
2038 242 852
2039 852 293
2040 348 242
2041 852 348
2042 345 852
2043 852 398
2044 84 398
2045 852 84
2046 84 348
2047 852 707
2048 774 853
2049 853 54
2050 708 853
2051 853 368
2052 156 368
2053 853 156
2054 853 464
2055 351 854
2056 854 728
2057 854 665
2058 655 854
2059 854 436
2060 86 854
2061 5 855
2062 855 17
2063 855 191
2064 855 242
2065 855 348
2066 84 855
2067 143 856
2068 856 779
2069 856 785
2070 835 143
2071 856 835
2072 137 857
2073 857 215
2074 857 183
2075 210 857
2076 857 516
2077 0 16
2078 16 858
2079 858 0
2080 286 858
2081 858 173
2082 858 254
2083 671 858
2084 521 709
2085 709 859
2086 859 521
2087 751 859
2088 859 279
2089 859 808
2090 540 860
2091 860 789
2092 839 860
2093 860 219
2094 275 861
2095 861 282
2096 861 34
2097 861 380
2098 52 861
2099 79 862
2100 862 590
2101 790 862
2102 862 280
2103 514 863
2104 863 189
2105 863 730
2106 834 863
2107 863 26
2108 384 831
2109 831 864
2110 864 384
2111 723 598
2112 598 864
2113 864 723
2114 864 276
2115 855 865
2116 865 84
2117 398 865
2118 214 866
2119 866 737
2120 737 140
2121 140 866
2122 504 866
2123 866 505
2124 866 513
2125 866 432
2126 831 867
2127 867 384
2128 23 867
2129 867 331
2130 483 831
2131 867 483
2132 700 483
2133 867 700
2134 330 868
2135 868 805
2136 805 10
2137 10 868
2138 745 10
2139 868 745
2140 313 745
2141 868 313
2142 767 868
2143 456 686
2144 686 869
2145 869 456
2146 570 869
2147 869 454
2148 454 456
2149 701 686
2150 869 701
2151 869 794
2152 869 356
2153 611 870
2154 870 192
2155 707 870
2156 870 852
2157 870 293
2158 870 827
2159 735 871
2160 871 797
2161 676 871
2162 871 435
2163 871 700
2164 871 483
2165 483 797
2166 685 872
2167 872 806
2168 303 78
2169 78 872
2170 872 303
2171 664 78
2172 872 664
2173 392 872
2174 872 414
2175 872 818
2176 872 718
2177 718 664
2178 315 873
2179 873 11
2180 290 873
2181 873 182
2182 873 423
2183 873 343
2184 188 874
2185 874 260
2186 72 874
2187 303 875
2188 875 651
2189 388 875
2190 875 416
2191 875 572
2192 718 875
2193 875 78
2194 875 664
2195 776 876
2196 876 446
2197 787 350
2198 350 876
2199 876 787
2200 787 446
2201 813 877
2202 877 674
2203 877 543
2204 780 878
2205 878 228
2206 362 879
2207 879 391
2208 341 879
2209 879 56
2210 232 879
2211 742 879
2212 879 608
2213 624 880
2214 880 507
2215 321 880
2216 880 761
2217 299 880
2218 880 549
2219 880 738
2220 880 585
2221 880 161
2222 541 881
2223 881 3
2224 881 21
2225 881 534
2226 534 202
2227 202 881
2228 806 882
2229 882 65
2230 847 882
2231 882 96
2232 882 672
2233 268 883
2234 883 210
2235 662 883
2236 554 268
2237 883 554
2238 401 883
2239 51 612
2240 612 884
2241 884 51
2242 884 657
2243 884 785
2244 785 657
2245 446 885
2246 885 273
2247 787 885
2248 565 886
2249 886 476
2250 886 593
2251 335 886
2252 886 99
2253 607 691
2254 691 887
2255 887 607
2256 546 887
2257 887 456
2258 887 686
2259 793 887
2260 887 466
2261 14 888
2262 888 13
2263 579 888
2264 888 756
2265 506 888
2266 513 889
2267 889 261
2268 263 889
2269 889 822
2270 822 261
2271 889 70
2272 771 890
2273 890 198
2274 72 525
2275 525 890
2276 890 72
2277 478 891
2278 891 18
2279 745 891
2280 891 313
2281 891 209
2282 825 892
2283 892 385
2284 799 892
2285 892 396
2286 320 893
2287 893 318
2288 893 615
2289 754 893
2290 346 894
2291 894 222
2292 222 200
2293 200 894
2294 894 328
2295 894 709
2296 894 521
2297 693 894
2298 894 340
2299 894 670
2300 107 895
2301 895 239
2302 337 369
2303 369 896
2304 896 337
2305 30 896
2306 896 632
2307 896 379
2308 767 897
2309 897 868
2310 897 544
2311 897 838
2312 366 897
2313 897 330
2314 897 119
2315 464 898
2316 898 267
2317 267 442
2318 442 898
2319 463 898
2320 898 370
2321 370 442
2322 243 175
2323 175 899
2324 899 243
2325 122 175
2326 899 122
2327 519 899
2328 899 307
2329 657 900
2330 900 152
2331 785 900
2332 552 901
2333 901 436
2334 901 148
2335 467 148
2336 901 467
2337 531 901
2338 717 902
2339 902 334
2340 443 298
2341 298 902
2342 902 443
2343 902 618
2344 129 903
2345 903 353
2346 883 903
2347 903 662
2348 903 236
2349 903 401
2350 649 904
2351 904 322
2352 904 325
2353 904 511
2354 409 904
2355 904 213
2356 904 157
2357 484 905
2358 905 1
2359 484 181
2360 181 905
2361 905 825
2362 858 906
2363 906 16
2364 671 906
2365 906 597
2366 153 557
2367 557 907
2368 907 153
2369 376 907
2370 692 376
2371 907 692
2372 907 58
2373 58 153
2374 485 83
2375 83 908
2376 908 485
2377 764 908
2378 908 169
2379 908 74
2380 908 244
2381 244 485
2382 663 909
2383 909 434
2384 909 146
2385 112 909
2386 909 222
2387 909 200
2388 909 437
2389 909 317
2390 755 910
2391 910 492
2392 755 780
2393 780 910
2394 910 802
2395 910 734
2396 680 911
2397 911 381
2398 911 218
2399 911 61
2400 21 911
2401 202 680
2402 911 202
2403 911 881
2404 596 912
2405 912 573
2406 187 912
2407 912 841
2408 912 622
2409 580 913
2410 913 151
2411 589 306
2412 306 913
2413 913 589
2414 340 580
2415 913 340
2416 36 914
2417 914 455
2418 455 469
2419 469 914
2420 430 914
2421 914 159
2422 914 89
2423 749 915
2424 915 694
2425 66 749
2426 915 66
2427 832 915
2428 915 645
2429 915 206
2430 800 916
2431 916 97
2432 338 916
2433 916 732
2434 916 332
2435 468 917
2436 917 225
2437 723 917
2438 646 225
2439 917 646
2440 917 598
2441 777 918
2442 918 38
2443 364 918
2444 918 7
2445 7 38
2446 918 689
2447 612 919
2448 919 211
2449 919 67
2450 448 919
2451 919 57
2452 919 292
2453 258 920
2454 920 319
2455 145 920
2456 920 69
2457 607 920
2458 920 257
2459 920 691
2460 920 155
2461 529 921
2462 921 278
2463 921 655
2464 921 817
2465 53 336
2466 336 922
2467 922 53
2468 748 922
2469 922 2
2470 922 407
2471 728 923
2472 923 669
2473 572 923
2474 923 818
2475 923 833
2476 923 102
2477 822 924
2478 924 25
2479 403 924
2480 924 749
2481 924 66
2482 287 925
2483 925 755
2484 925 100
2485 158 925
2486 925 780
2487 176 926
2488 926 109
2489 441 926
2490 926 94
2491 540 927
2492 927 490
2493 556 490
2494 927 556
2495 927 638
2496 927 830
2497 167 927
2498 927 383
2499 927 412
2500 927 424
2501 377 600
2502 600 928
2503 928 377
2504 775 928
2505 928 232
2506 879 928
2507 928 742
2508 19 929
2509 929 661
2510 929 655
2511 168 930
2512 930 465
2513 370 168
2514 930 370
2515 930 275
2516 861 930
2517 930 52
2518 355 931
2519 931 422
2520 931 653
2521 931 677
2522 589 932
2523 932 386
2524 522 933
2525 933 115
2526 501 933
2527 933 358
2528 933 678
2529 933 609
2530 933 295
2531 604 934
2532 934 174
2533 934 826
2534 458 934
2535 934 397
2536 759 934
2537 814 935
2538 935 398
2539 935 865
2540 935 624
2541 406 935
2542 648 936
2543 936 811
2544 936 576
2545 837 936
2546 936 228
2547 878 936
2548 406 937
2549 937 935
2550 865 937
2551 741 939
2552 939 101
2553 575 939
2554 939 354
2555 939 50
2556 320 940
2557 940 893
2558 10 940
2559 940 805
2560 940 754
2561 433 941
2562 941 394
2563 941 227
2564 941 684
2565 121 941
2566 941 154
2567 941 38
2568 941 7
2569 300 942
2570 942 197
2571 129 942
2572 942 526
2573 686 943
2574 943 701
2575 943 248
2576 93 943
2577 943 366
2578 542 944
2579 944 294
2580 731 944
2581 944 584
2582 944 382
2583 944 333
2584 135 525
2585 525 945
2586 945 135
2587 539 945
2588 945 378
2589 765 945
2590 936 386
2591 386 946
2592 946 936
2593 946 648
2594 449 946
2595 946 659
2596 283 946
2597 239 947
2598 947 726
2599 895 947
2600 947 268
2601 245 948
2602 948 128
2603 457 948
2604 114 457
2605 948 114
2606 719 948
2607 948 27
2608 876 949
2609 949 776
2610 22 949
2611 949 284
2612 369 440
2613 440 950
2614 950 369
2615 199 950
2616 950 312
2617 370 951
2618 951 168
2619 951 156
2620 951 368
2621 241 951
2622 951 442
2623 951 267
2624 273 952
2625 952 36
2626 787 952
2627 952 885
2628 952 350
2629 233 350
2630 952 233
2631 583 952
2632 952 914
2633 952 430
2634 371 726
2635 726 953
2636 953 371
2637 758 953
2638 953 5
2639 363 954
2640 954 173
2641 756 954
2642 954 205
2643 16 955
2644 955 0
2645 145 955
2646 173 956
2647 956 954
2648 954 938
2649 938 956
2650 806 956
2651 956 110
2652 956 681
2653 956 497
2654 956 373
2655 956 95
2656 238 957
2657 957 399
2658 957 55
2659 411 957
2660 957 195
2661 63 958
2662 958 194
2663 470 958
2664 958 94
2665 926 958
2666 958 176
2667 786 959
2668 959 672
2669 502 959
2670 959 750
2671 959 49
2672 945 960
2673 960 135
2674 960 601
2675 960 674
2676 850 960
2677 960 539
2678 960 716
2679 960 157
2680 274 961
2681 961 147
2682 835 961
2683 961 143
2684 961 482
2685 961 790
2686 934 962
2687 962 458
2688 759 962
2689 962 390
2690 962 118
2691 440 963
2692 963 369
2693 337 963
2694 963 203
2695 963 464
2696 898 963
2697 963 463
2698 435 964
2699 964 219
2700 964 860
2701 839 435
2702 964 839
2703 774 965
2704 965 524
2705 464 965
2706 965 262
2707 965 853
2708 580 966
2709 966 340
2710 77 966
2711 966 783
2712 966 291
2713 621 967
2714 967 28
2715 83 967
2716 967 908
2717 967 169
2718 967 518
2719 59 599
2720 599 968
2721 968 59
2722 225 968
2723 968 646
2724 968 235
2725 380 969
2726 969 375
2727 969 83
2728 485 969
2729 969 244
2730 106 970
2731 970 107
2732 970 554
2733 268 970
2734 970 895
2735 970 947
2736 756 971
2737 971 180
2738 954 971
2739 971 938
2740 938 180
2741 839 972
2742 972 316
2743 972 435
2744 871 972
2745 972 735
2746 602 973
2747 973 582
2748 50 973
2749 973 939
2750 741 973
2751 973 475
2752 784 974
2753 974 248
2754 974 526
2755 152 975
2756 975 51
2757 975 323
2758 365 975
2759 975 243
2760 975 175
2761 175 51
2762 815 976
2763 976 82
2764 564 976
2765 976 343
2766 976 304
2767 653 977
2768 977 799
2769 977 892
2770 977 825
2771 45 977
2772 977 931
2773 931 816
2774 816 977
2775 977 739
2776 47 978
2777 978 680
2778 202 978
2779 978 534
2780 508 978
2781 978 840
2782 978 311
2783 734 979
2784 979 910
2785 979 780
2786 780 932
2787 932 979
2788 306 979
2789 979 589
2790 890 980
2791 980 771
2792 429 980
2793 980 537
2794 980 525
2795 980 765
2796 980 945
2797 817 981
2798 981 921
2799 981 19
2800 929 981
2801 981 655
2802 428 982
2803 982 108
2804 982 135
2805 525 982
2806 982 188
2807 874 982
2808 982 72
2809 877 937
2810 937 983
2811 983 877
2812 983 813
2813 80 983
2814 640 984
2815 984 739
2816 831 984
2817 984 483
2818 984 160
2819 984 797
2820 581 985
2821 985 454
2822 473 985
2823 985 456
2824 854 986
2825 986 351
2826 459 986
2827 986 246
2828 986 86
2829 986 532
2830 526 987
2831 987 974
2832 987 353
2833 184 987
2834 987 248
2835 987 119
2836 5 988
2837 988 855
2838 988 80
2839 983 988
2840 988 865
2841 988 937
2842 656 989
2843 989 567
2844 989 694
2845 403 989
2846 233 990
2847 990 810
2848 703 990
2849 949 990
2850 990 22
2851 399 991
2852 991 668
2853 673 991
2854 991 763
2855 712 991
2856 991 638
2857 991 677
2858 14 992
2859 992 356
2860 992 888
2861 506 992
2862 992 20
2863 992 544
2864 44 993
2865 993 490
2866 556 993
2867 993 677
2868 993 931
2869 816 993
2870 993 735
2871 993 160
2872 487 994
2873 994 359
2874 886 994
2875 994 593
2876 994 352
2877 994 335
2878 183 995
2879 995 444
2880 995 726
2881 371 995
2882 995 770
2883 995 813
2884 41 996
2885 996 317
2886 111 996
2887 996 832
2888 996 469
2889 455 996
2890 996 743
2891 533 594
2892 594 997
2893 997 533
2894 467 997
2895 997 60
2896 997 695
2897 997 148
2898 461 998
2899 998 279
2900 178 998
2901 998 496
2902 693 999
2903 999 796
2904 999 306
2905 979 999
2906 999 734
2907 864 1000
2908 1000 598
2909 1000 831
2910 984 1000
2911 1000 660
2912 1000 640
2913 332 1001
2914 1001 40
2915 455 1001
2916 1001 996
2917 743 1001
2918 1001 226
2919 612 1002
2920 1002 51
2921 1002 175
2922 1002 122
2923 571 1002
2924 1002 919
2925 1002 448
2926 1002 846
2927 642 1003
2928 1003 595
2929 1003 452
2930 538 1003
2931 1003 339
2932 1003 341
2933 283 1004
2934 1004 946
2935 1004 386
2936 291 1004
2937 443 1004
2938 1004 77
2939 1004 966
2940 1004 702
2941 1004 298
2942 705 1005
2943 1005 347
2944 425 1005
2945 1005 631
2946 359 1006
2947 1006 259
2948 533 1006
2949 1006 594
2950 1006 697
2951 1006 846
2952 367 1007
2953 1007 342
2954 452 1007
2955 1007 1003
2956 538 1007
2957 1007 426
2958 475 1008
2959 1008 288
2960 377 1008
2961 1008 699
2962 1008 600
2963 1008 98
2964 1008 704
2965 989 1009
2966 1009 403
2967 1009 924
2968 1009 822
2969 261 1009
2970 1009 567
2971 1009 140
2972 1009 737
2973 252 15
2974 15 1010
2975 1010 252
2976 304 1010
2977 472 1010
2978 1010 564
2979 1010 976
2980 1010 91
2981 1010 634
2982 166 1011
2983 1011 682
2984 1011 840
2985 329 1011
2986 849 1011
2987 1011 360
2988 478 1012
2989 1012 320
2990 891 1012
2991 1012 940
2992 1012 745
2993 1012 10
2994 877 1013
2995 1013 937
2996 1013 543
2997 1013 213
2998 349 1013
2999 1013 406
3000 181 1014
3001 1014 484
3002 1014 725
3003 59 1014
3004 1014 599
3005 791 1015
3006 1015 641
3007 58 1015
3008 1015 557
3009 1015 153
3010 418 1016
3011 1016 319
3012 4 1016
3013 319 1017
3014 1017 1016
3015 1017 4
3016 324 1017
3017 1017 688
3018 431 1017
3019 1017 426
3020 323 1018
3021 1018 486
3022 1018 975
3023 365 1018
3024 1018 760
3025 780 1019
3026 1019 932
3027 1019 878
3028 936 1019
3029 1019 386
3030 233 1020
3031 1020 350
3032 990 1020
3033 1020 876
3034 1020 949
3035 436 1021
3036 1021 204
3037 901 1021
3038 1021 531
3039 1021 535
3040 136 1022
3041 1022 114
3042 1022 457
3043 479 1022
3044 1022 155
3045 493 1022
3046 1022 33
3047 15 1023
3048 1023 849
3049 1023 252
3050 166 1023
3051 1023 1011
;
