1024
768
;
0 698 346
1 717 72
2 917 253
3 545 57
4 67 205
5 300 662
6 464 374
7 636 497
8 606 295
9 691 170
10 749 596
11 601 176
12 143 66
13 649 158
14 829 298
15 745 86
16 529 336
17 410 447
18 373 155
19 752 678
20 766 525
21 220 147
22 367 356
23 649 678
24 737 670
25 178 539
26 159 313
27 514 419
28 715 526
29 701 677
30 636 621
31 668 311
32 546 259
33 413 85
34 438 144
35 661 565
36 768 50
37 469 411
38 69 678
39 168 439
40 774 101
41 549 63
42 346 383
43 542 165
44 462 708
45 646 51
46 352 114
47 482 121
48 921 214
49 797 712
50 283 181
51 699 74
52 901 199
53 393 521
54 937 643
55 420 85
56 792 682
57 794 385
58 162 351
59 165 212
60 222 364
61 397 238
62 661 194
63 544 282
;
0 6 17
1 17 22
2 22 6
3 10 19
4 19 24
5 24 10
6 16 6
7 6 27
8 27 16
9 0 7
10 7 27
11 27 0
12 8 0
13 27 8
14 8 16
15 10 20
16 20 28
17 28 10
18 7 28
19 28 0
20 19 29
21 29 24
22 29 10
23 10 30
24 30 29
25 29 23
26 23 30
27 8 31
28 31 0
29 14 9
30 9 31
31 31 14
32 14 0
33 8 11
34 11 32
35 32 8
36 3 12
37 12 33
38 33 3
39 18 33
40 33 34
41 34 18
42 7 35
43 35 28
44 7 30
45 30 35
46 35 10
47 15 1
48 1 36
49 36 15
50 17 37
51 37 6
52 17 27
53 27 37
54 5 25
55 25 38
56 38 5
57 38 39
58 39 25
59 4 38
60 39 4
61 36 40
62 40 15
63 14 40
64 40 9
65 9 15
66 11 13
67 13 41
68 41 11
69 22 42
70 42 17
71 39 42
72 42 25
73 32 43
74 43 11
75 32 34
76 34 43
77 43 41
78 38 44
79 44 5
80 23 44
81 44 30
82 12 45
83 45 3
84 36 45
85 45 1
86 41 3
87 45 41
88 45 13
89 33 46
90 46 18
91 46 12
92 12 21
93 21 46
94 43 47
95 47 34
96 41 47
97 47 3
98 19 49
99 49 29
100 49 23
101 44 49
102 18 50
103 50 46
104 21 50
105 45 51
106 51 1
107 13 51
108 9 13
109 51 9
110 51 15
111 40 52
112 52 14
113 52 36
114 36 48
115 48 52
116 2 48
117 52 2
118 2 14
119 44 53
120 53 5
121 53 25
122 53 42
123 17 53
124 53 27
125 53 30
126 53 7
127 2 54
128 54 48
129 20 54
130 54 10
131 3 55
132 55 33
133 47 55
134 55 34
135 49 54
136 54 56
137 56 49
138 10 56
139 56 19
140 14 57
141 57 0
142 20 57
143 57 54
144 57 2
145 57 28
146 4 26
147 26 58
148 58 4
149 39 58
150 26 59
151 59 4
152 21 59
153 59 12
154 12 4
155 50 26
156 59 50
157 42 60
158 60 39
159 60 58
160 60 26
161 60 22
162 50 22
163 60 50
164 34 61
165 61 18
166 22 61
167 61 50
168 61 32
169 61 6
170 61 16
171 13 62
172 62 9
173 8 62
174 62 31
175 62 11
176 16 63
177 63 8
178 63 32
179 63 61
;
